0.000000000000E+00
2.331962186322E-01
4.663924372644E-01
6.995886558966E-01
9.327848745288E-01
1.165981093161E+00
1.399177311793E+00
1.632373530425E+00
1.865569749058E+00
2.098765967690E+00
2.331962186322E+00
2.565158404954E+00
2.798354623586E+00
3.031550842218E+00
3.264747060851E+00
3.497943279483E+00
3.731139498115E+00
3.964335716747E+00
4.197531935379E+00
4.430728154012E+00
4.662944081554E+00
4.895687096076E+00
5.128696679466E+00
5.361539443029E+00
5.594362453713E+00
5.827330641303E+00
6.060089322631E+00
6.292505578405E+00
6.524595079154E+00
6.756075454700E+00
6.987100540156E+00
7.217706070162E+00
7.447689429162E+00
7.676852434241E+00
7.905125763002E+00
8.132424617996E+00
8.358626453639E+00
8.583395002149E+00
8.806532451515E+00
9.028090858247E+00
9.247603809929E+00
9.464174276729E+00
9.676931019574E+00
9.884457238790E+00
1.008426204779E+01
1.027191733323E+01
1.044321287070E+01
1.059648450274E+01
1.073275983617E+01
1.085439583150E+01
1.096364024118E+01
1.106223070405E+01
1.115147438018E+01
1.123236582479E+01
1.130561669722E+01
1.137187818891E+01
1.143152621231E+01
1.148512492908E+01
1.153339826721E+01
1.157697992660E+01
1.161569859057E+01
1.164419085864E+01
1.166575150766E+01
1.168822380031E+01
1.170690012943E+01
1.172332980906E+01
1.173717037443E+01
1.174749549384E+01
1.175653966771E+01
1.176455435049E+01
1.177152856371E+01
1.177058555994E+01
1.177581863782E+01
1.178015781781E+01
1.178136899348E+01
1.178015999351E+01
1.178182525574E+01
1.178182770626E+01
1.177755235867E+01
1.177613537995E+01
1.177076539661E+01
1.176672841900E+01
1.176042686301E+01
1.175528773964E+01
1.174828193007E+01
1.174063843351E+01
1.173240330909E+01
1.172389374660E+01
1.171462049110E+01
1.170521309100E+01
1.169471286574E+01
1.168369447649E+01
1.167262869721E+01
1.166160679227E+01
1.164986330414E+01
1.163696890248E+01
1.162315089299E+01
1.161058044879E+01
1.159548080516E+01
1.158173527631E+01
1.156924303389E+01
1.155280999746E+01
1.153950555438E+01
1.152379755295E+01
1.150893701057E+01
1.149233085313E+01
1.147675935161E+01
1.145926615994E+01
1.144109779277E+01
1.142522337757E+01
1.140747639391E+01
1.139219769577E+01
1.137316705809E+01
1.135641952635E+01
1.133638873193E+01
1.131863742507E+01
1.130032961482E+01
1.128395728275E+01
1.126293510466E+01
1.124687251528E+01
1.122700142459E+01
1.120893062696E+01
1.119087599373E+01
1.117119679401E+01
1.115343087520E+01
1.113534271744E+01
1.111712725867E+01
1.109696420222E+01
1.107861877057E+01
1.105971027273E+01
1.103995279115E+01
1.101828818175E+01
1.099799951188E+01
1.097824640016E+01
1.095712015405E+01
1.093638761103E+01
1.091994191537E+01
1.090349621972E+01
1.088705052406E+01
1.087060482841E+01
1.085415913275E+01
1.083771343710E+01
1.082126774144E+01
1.080482204578E+01
1.078837635013E+01
1.077193065447E+01
1.075548495882E+01
1.073903926316E+01
1.072259356751E+01
1.070614787185E+01
1.068970217619E+01
1.067325648054E+01
1.065681078488E+01
1.064036508923E+01
1.062391939357E+01
1.060747369792E+01
1.059102800226E+01
1.057458230660E+01
1.055813661095E+01
1.054169091529E+01
1.052524521964E+01
1.050879952398E+01
1.049235382833E+01
1.047590813267E+01
1.045946243701E+01
1.044301674136E+01
1.042657104570E+01
1.041012535005E+01
1.039367965439E+01
1.037723395874E+01
1.036078826308E+01
1.034434256742E+01
1.032789687177E+01
1.031145117611E+01
1.029500548046E+01
1.027855978480E+01
1.026211408915E+01
1.024566839349E+01
1.022922269783E+01
1.021277700218E+01
1.019633130652E+01
1.017988561087E+01
1.016343991521E+01
1.014699421956E+01
1.013054852390E+01
1.011410282825E+01
1.009765713259E+01
1.008121143693E+01
1.006476574128E+01
1.004832004562E+01
1.003187434997E+01
1.001542865431E+01
9.998982958655E+00
9.982537263000E+00
9.966091567344E+00
9.949645871688E+00
9.933200176033E+00
9.916754480377E+00
9.900308784721E+00
9.883863089066E+00
9.867417393410E+00
9.850971697754E+00
9.834526002098E+00
9.818080306443E+00
9.801634610787E+00
9.785188915131E+00
9.768743219476E+00
9.752297523820E+00
9.735851828164E+00
9.719406132509E+00
9.702960436853E+00
9.686514741197E+00
9.670069045542E+00
9.653623349886E+00
9.637177654230E+00
9.620731958575E+00
9.604286262919E+00
9.587840567263E+00
9.571394871608E+00
9.554949175952E+00
9.538503480296E+00
9.522057784640E+00
9.505612088985E+00
9.489166393329E+00
9.472720697673E+00
9.456275002018E+00
9.439829306362E+00
9.423383610706E+00
9.406937915051E+00
9.390492219395E+00
9.374046523739E+00
9.357600828084E+00
9.341155132428E+00
9.324709436772E+00
9.308263741117E+00
9.291818045461E+00
9.275372349805E+00
9.258926654150E+00
9.242480958494E+00
9.226035262838E+00
9.209589567183E+00
9.193143871527E+00
9.176698175871E+00
9.160252480215E+00
9.143806784560E+00
9.127361088904E+00
9.110915393248E+00
9.094469697593E+00
9.078024001937E+00
9.061578306281E+00
9.045132610626E+00
9.028686914970E+00
9.012241219314E+00
8.995795523659E+00
8.979349828003E+00
8.962904132347E+00
8.946458436692E+00
8.930012741036E+00
8.913567045380E+00
8.897121349725E+00
8.880675654069E+00
8.864229958413E+00
8.847784262757E+00
8.831338567102E+00
8.814892871446E+00
8.798447175790E+00
8.782001480135E+00
8.765555784479E+00
8.749110088823E+00
8.732664393168E+00
8.716218697512E+00
8.699773001856E+00
8.683327306201E+00
8.666881610545E+00
8.650435914889E+00
8.633990219234E+00
8.617544523578E+00
8.601098827922E+00
8.584653132267E+00
8.568207436611E+00
8.551761740955E+00
8.535316045300E+00
8.518870349644E+00
8.502424653988E+00
8.485978958332E+00
8.469533262677E+00
8.453087567021E+00
8.436641871365E+00
8.420196175710E+00
8.403750480054E+00
8.387304784398E+00
8.370859088743E+00
8.354413393087E+00
8.337967697431E+00
8.321522001776E+00
8.305076306120E+00
8.288630610464E+00
8.272184914809E+00
8.255739219153E+00
8.239293523497E+00
8.222847827842E+00
8.206402132186E+00
8.189956436530E+00
8.173510740874E+00
8.157065045219E+00
8.140619349563E+00
8.124173653907E+00
8.107727958252E+00
8.091282262596E+00
8.074836566940E+00
8.058390871285E+00
8.041945175629E+00
8.025499479973E+00
8.009053784318E+00
7.992608088662E+00
7.976162393006E+00
7.959716697351E+00
7.943271001695E+00
7.926825306039E+00
7.910379610384E+00
7.893933914728E+00
7.877488219072E+00
7.861042523417E+00
7.844596827761E+00
7.828151132105E+00
7.811705436449E+00
7.795259740794E+00
7.778814045138E+00
7.762368349482E+00
7.745922653827E+00
7.729476958171E+00
7.713031262515E+00
7.696585566860E+00
7.680139871204E+00
7.663694175548E+00
7.647248479893E+00
7.630802784237E+00
7.614357088581E+00
7.597911392926E+00
7.581465697270E+00
7.565020001614E+00
7.548574305959E+00
7.532128610303E+00
7.515682914647E+00
7.499237218991E+00
7.482791523336E+00
7.466345827680E+00
7.449900132024E+00
7.433454436369E+00
7.417008740713E+00
7.400563045057E+00
7.384117349402E+00
7.367671653746E+00
7.351225958090E+00
7.334780262435E+00
7.318334566779E+00
7.301888871123E+00
7.285443175468E+00
7.268997479812E+00
7.252551784156E+00
7.236106088501E+00
7.219660392845E+00
7.203214697189E+00
7.186769001534E+00
7.170323305878E+00
7.153877610222E+00
7.137431914566E+00
7.120986218911E+00
7.104540523255E+00
7.088094827599E+00
7.071649131944E+00
7.055203436288E+00
7.038757740632E+00
7.022312044977E+00
7.005866349321E+00
6.989420653665E+00
6.972974958010E+00
6.956529262354E+00
6.940083566698E+00
6.923637871043E+00
6.907192175387E+00
6.890746479731E+00
6.874300784076E+00
6.857855088420E+00
6.841409392764E+00
6.824963697108E+00
6.808518001453E+00
6.792072305797E+00
6.775626610141E+00
6.759180914486E+00
6.742735218830E+00
6.726289523174E+00
6.709843827519E+00
6.693398131863E+00
6.676952436207E+00
6.660506740552E+00
6.644061044896E+00
6.627615349240E+00
6.611169653585E+00
6.594723957929E+00
6.578278262273E+00
6.561832566618E+00
6.545386870962E+00
6.528941175306E+00
6.512495479650E+00
6.496049783995E+00
6.479604088339E+00
6.463158392683E+00
6.446712697028E+00
6.430267001372E+00
6.413821305716E+00
6.397375610061E+00
6.380929914405E+00
6.364484218749E+00
6.348038523094E+00
6.331592827438E+00
6.315147131782E+00
6.298701436127E+00
6.282255740471E+00
6.265810044815E+00
6.249364349160E+00
6.232918653504E+00
6.216472957848E+00
6.200027262193E+00
6.183581566537E+00
6.167135870881E+00
6.150690175225E+00
6.134244479570E+00
6.117798783914E+00
6.101353088258E+00
6.084907392603E+00
6.068461696947E+00
6.052016001291E+00
6.035570305636E+00
6.019124609980E+00
6.002678914324E+00
5.986233218669E+00
5.969787523013E+00
5.953341827357E+00
5.936896131702E+00
5.920450436046E+00
5.904004740390E+00
5.887559044735E+00
5.871113349079E+00
5.854667653423E+00
5.838221957767E+00
5.821776262112E+00
5.805330566456E+00
5.788884870800E+00
5.772439175145E+00
5.755993479489E+00
5.739547783833E+00
5.723102088178E+00
5.706656392522E+00
5.690210696866E+00
5.673765001211E+00
5.657319305555E+00
5.640873609899E+00
5.624427914244E+00
5.607982218588E+00
5.591536522932E+00
5.575090827277E+00
5.558645131621E+00
5.542199435965E+00
5.525753740310E+00
5.509308044654E+00
5.492862348998E+00
5.476416653342E+00
5.459970957687E+00
5.443525262031E+00
5.427079566375E+00
5.410633870720E+00
5.394188175064E+00
5.377742479408E+00
5.361296783753E+00
5.344851088097E+00
5.328405392441E+00
5.311959696786E+00
5.295514001130E+00
5.279068305474E+00
5.262622609819E+00
5.246176914163E+00
5.229731218507E+00
5.213285522852E+00
5.196839827196E+00
5.180394131540E+00
5.163948435884E+00
5.147502740229E+00
5.131057044573E+00
5.114611348917E+00
5.098165653262E+00
5.081719957606E+00
5.065274261950E+00
5.048828566295E+00
5.032382870639E+00
5.015937174983E+00
4.999491479328E+00
4.983045783672E+00
4.966600088016E+00
4.950154392361E+00
4.933708696705E+00
4.917263001049E+00
4.900817305394E+00
4.884371609738E+00
4.867925914082E+00
4.851480218427E+00
4.835034522771E+00
4.818588827115E+00
4.802143131459E+00
4.785697435804E+00
4.769251740148E+00
4.752806044492E+00
4.736360348837E+00
4.719914653181E+00
4.703468957525E+00
4.687023261870E+00
4.670577566214E+00
4.654131870558E+00
4.637686174903E+00
4.621240479247E+00
4.604794783591E+00
4.588349087936E+00
4.571903392280E+00
4.555457696624E+00
4.539012000969E+00
4.522566305313E+00
4.506120609657E+00
4.489674914001E+00
4.473229218346E+00
4.456783522690E+00
4.440337827034E+00
4.423892131379E+00
4.407446435723E+00
4.391000740067E+00
4.374555044412E+00
4.358109348756E+00
4.341663653100E+00
4.325217957445E+00
4.308772261789E+00
4.292326566133E+00
4.275880870478E+00
4.259435174822E+00
4.242989479166E+00
4.226543783511E+00
4.210098087855E+00
4.193652392199E+00
4.177206696544E+00
4.160761000888E+00
4.144315305232E+00
4.127869609576E+00
4.111423913921E+00
4.094978218265E+00
4.078532522609E+00
4.062086826954E+00
4.045641131298E+00
4.029195435642E+00
4.012749739987E+00
3.996304044331E+00
3.979858348675E+00
3.963412653020E+00
3.946966957364E+00
3.930521261708E+00
3.914075566053E+00
3.897629870397E+00
3.881184174741E+00
3.864738479086E+00
3.848292783430E+00
3.831847087774E+00
3.815401392118E+00
3.798955696463E+00
3.782510000807E+00
3.766064305151E+00
3.749618609496E+00
3.733172913840E+00
3.716727218184E+00
3.700281522529E+00
3.683835826873E+00
3.667390131217E+00
3.650944435562E+00
3.634498739906E+00
3.618053044250E+00
3.601607348595E+00
3.585161652939E+00
3.568715957283E+00
3.552270261628E+00
3.535824565972E+00
3.519378870316E+00
3.502933174660E+00
3.486487479005E+00
3.470041783349E+00
3.453596087693E+00
3.437150392038E+00
3.420704696382E+00
3.404259000726E+00
3.387813305071E+00
3.371367609415E+00
3.354921913759E+00
3.338476218104E+00
3.322030522448E+00
3.305584826792E+00
3.289139131137E+00
3.272693435481E+00
3.256247739825E+00
3.239802044170E+00
3.223356348514E+00
3.206910652858E+00
3.190464957203E+00
3.174019261547E+00
3.157573565891E+00
3.141127870235E+00
3.124682174580E+00
3.108236478924E+00
3.091790783268E+00
3.075345087613E+00
3.058899391957E+00
3.042453696301E+00
3.026008000646E+00
3.009562304990E+00
2.993116609334E+00
2.976670913679E+00
2.960225218023E+00
2.943779522367E+00
2.927333826712E+00
2.910888131056E+00
2.894442435400E+00
2.877996739745E+00
2.861551044089E+00
2.845105348433E+00
2.828659652777E+00
2.812213957122E+00
2.795768261466E+00
2.779322565810E+00
2.762876870155E+00
2.746431174499E+00
2.729985478843E+00
2.713539783188E+00
2.697094087532E+00
2.680648391876E+00
2.664202696221E+00
2.647757000565E+00
2.631311304909E+00
2.614865609254E+00
2.598419913598E+00
2.581974217942E+00
2.565528522287E+00
2.549082826631E+00
2.532637130975E+00
2.516191435320E+00
2.499745739664E+00
2.483300044008E+00
2.466854348352E+00
2.450408652697E+00
2.433962957041E+00
2.417517261385E+00
2.401071565730E+00
2.384625870074E+00
2.368180174418E+00
2.351734478763E+00
2.335288783107E+00
2.318843087451E+00
2.302397391796E+00
2.285951696140E+00
2.269506000484E+00
2.253060304829E+00
2.236614609173E+00
2.220168913517E+00
2.203723217862E+00
2.187277522206E+00
2.170831826550E+00
2.154386130894E+00
2.137940435239E+00
2.121494739583E+00
2.105049043927E+00
2.088603348272E+00
2.072157652616E+00
2.055711956960E+00
2.039266261305E+00
2.022820565649E+00
2.006374869993E+00
1.989929174338E+00
1.973483478682E+00
1.957037783026E+00
1.940592087371E+00
1.924146391715E+00
1.907700696059E+00
1.891255000404E+00
1.874809304748E+00
1.858363609092E+00
1.841917913437E+00
1.825472217781E+00
1.809026522125E+00
1.792580826469E+00
1.776135130814E+00
1.759689435158E+00
1.743243739502E+00
1.726798043847E+00
1.710352348191E+00
1.693906652535E+00
1.677460956880E+00
1.661015261224E+00
1.644569565568E+00
1.628123869913E+00
1.611678174257E+00
1.595232478601E+00
1.578786782946E+00
1.562341087290E+00
1.545895391634E+00
1.529449695979E+00
1.513004000323E+00
1.496558304667E+00
1.480112609011E+00
1.463666913356E+00
1.447221217700E+00
1.430775522044E+00
1.414329826389E+00
1.397884130733E+00
1.381438435077E+00
1.364992739422E+00
1.348547043766E+00
1.332101348110E+00
1.315655652455E+00
1.299209956799E+00
1.282764261143E+00
1.266318565488E+00
1.249872869832E+00
1.233427174176E+00
1.216981478521E+00
1.200535782865E+00
1.184090087209E+00
1.167644391553E+00
1.151198695898E+00
1.134753000242E+00
1.118307304586E+00
1.101861608931E+00
1.085415913275E+00
1.068970217619E+00
1.052524521964E+00
1.036078826308E+00
1.019633130652E+00
1.003187434997E+00
9.867417393410E-01
9.702960436853E-01
9.538503480296E-01
9.374046523739E-01
9.209589567183E-01
9.045132610626E-01
8.880675654069E-01
8.716218697512E-01
8.551761740955E-01
8.387304784398E-01
8.222847827842E-01
8.058390871285E-01
7.893933914728E-01
7.729476958171E-01
7.565020001614E-01
7.400563045057E-01
7.236106088501E-01
7.071649131944E-01
6.907192175387E-01
6.742735218830E-01
6.578278262273E-01
6.413821305716E-01
6.249364349160E-01
6.084907392603E-01
5.920450436046E-01
5.755993479489E-01
5.591536522932E-01
5.427079566375E-01
5.262622609819E-01
5.098165653262E-01
4.933708696705E-01
4.769251740148E-01
4.604794783591E-01
4.440337827034E-01
4.275880870478E-01
4.111423913921E-01
3.946966957364E-01
3.782510000807E-01
3.618053044250E-01
3.453596087693E-01
3.289139131137E-01
3.124682174580E-01
2.960225218023E-01
2.795768261466E-01
2.631311304909E-01
2.466854348352E-01
2.302397391796E-01
2.137940435239E-01
1.973483478682E-01
1.809026522125E-01
1.644569565568E-01
1.480112609011E-01
1.315655652455E-01
1.151198695898E-01
9.867417393410E-02
8.222847827842E-02
6.578278262273E-02
4.933708696705E-02
3.289139131137E-02
1.644569565568E-02
0.000000000000E+00
